0	164.465
1	12.718
2	3.46543
3	3.46543
4	3.46543
5	0.202059
6	0.202059
7	0.202059
8	0.202059
9	0.202059
10	-1.61979
11	-1.61979
12	-3.24638
13	-4.47099
14	-4.47099
15	-4.47099
16	-4.47099
17	-4.47099
18	-4.47099
19	-4.47099
20	-4.47099
21	-4.47099
22	-4.47099
23	-4.47099
24	-1.03159
25	-1.03163
26	-1.03163
27	-1.03163
28	-1.03163
29	-1.03163
30	-1.03163
31	-1.03163
32	-1.03163
33	-1.03163
34	-1.03163
35	-1.03163
36	-1.03163
37	-1.03163
38	-1.03163
39	-1.03163
40	-1.03163
41	-1.03163
42	-1.03163
43	-1.03163
44	-1.03163
45	-1.03163
46	-1.03163
47	-1.03163
48	-1.03163
49	-1.03163
50	-1.03163
51	-1.03163
52	-1.03163
53	-1.03163
54	-1.03163
55	-1.03163
56	-1.03163
57	-1.03163
58	-1.03163
59	-1.03163
60	-1.03163
61	-1.03163
62	-1.03163
63	-1.03163
64	-1.03163
65	-1.03163
66	-1.03163
67	-1.03163
68	-1.03163
69	-1.03163
70	-1.03163
71	-1.03163
72	-1.03163
73	-1.03163
74	-1.03163
75	-1.03163
76	-1.03163
77	-1.03163
78	-1.03163
79	-1.03163
80	-1.03163
81	-1.03163
82	-1.03163
83	-1.03163
84	-1.03163
85	-1.03163
86	-1.03163
87	-1.03163
88	-186.688
89	-186.731
90	-186.731
91	-186.731
92	-186.731
93	-186.731
94	-186.731
95	-186.731
96	-186.731
97	-186.731
98	-186.731
99	-186.731
100	-186.731
101	-186.731
102	-186.731
103	-186.731
104	-186.731
105	-186.731
106	-186.731
107	-186.731
108	-186.731
109	-186.731
110	-186.731
111	-186.731
112	-186.731
113	-186.731
114	0.00502173
115	0.00133876
116	0.00010707
117	1.2102e-05
118	1.2102e-05
119	8.71737e-06
120	2.60454e-06
121	2.60454e-06
122	1.97424e-06
123	8.68474e-07
124	8.68474e-07
125	8.68474e-07
126	8.68474e-07
127	1.29084e-07
128	1.29084e-07
129	1.29084e-07
130	1.29084e-07
131	1.29084e-07
132	5.90678e-08
133	5.90678e-08
134	5.90678e-08
135	5.90678e-08
136	5.90678e-08
137	5.90678e-08
138	5.90678e-08
139	5.90678e-08
140	5.90678e-08
141	5.90678e-08
142	5.90678e-08
143	5.90678e-08
144	5.90678e-08
145	5.90678e-08
146	5.90678e-08
147	5.90678e-08
148	2.19597e-08
149	2.19597e-08
150	2.19597e-08
151	2.19597e-08
152	2.19597e-08
153	2.19597e-08
154	2.19597e-08
155	2.19597e-08
156	2.19597e-08
157	2.19597e-08
158	1.15272e-08
159	1.15272e-08
160	1.15272e-08
161	1.15272e-08
162	1.15272e-08
163	1.15272e-08
164	1.15272e-08
165	1.15272e-08
166	6.64778e-09
167	6.64778e-09
168	6.64778e-09
169	6.64778e-09
170	6.64778e-09
171	6.64778e-09
172	6.64778e-09
173	6.64778e-09
174	6.64778e-09
175	6.64778e-09
176	6.64778e-09
177	6.64778e-09
178	6.64778e-09
179	6.64778e-09
180	6.64778e-09
181	6.64778e-09
182	6.64778e-09
183	3.88711e-09
184	3.88711e-09
185	0.000368606
186	3.57185e-07
187	3.57185e-07
188	3.57185e-07
189	3.57185e-07
190	3.55238e-07
191	3.55238e-07
192	5.26736e-08
193	5.26736e-08
194	5.26736e-08
195	5.26736e-08
196	1.65698e-08
197	1.65698e-08
198	1.65698e-08
199	1.65698e-08
200	1.65698e-08
201	1.65698e-08
202	1.65698e-08
203	1.64976e-08
204	1.64976e-08
205	1.64976e-08
206	9.39017e-09
207	9.39017e-09
208	9.39017e-09
209	9.39017e-09
210	9.39017e-09
211	9.39017e-09
212	9.39017e-09
213	9.39017e-09
214	9.39017e-09
215	9.39017e-09
216	9.39017e-09
217	9.39017e-09
218	2.01405e-09
219	2.01405e-09
220	2.01405e-09
221	2.01405e-09
222	3.02867e-10
223	3.02867e-10
224	3.02867e-10
225	3.02867e-10
226	3.02867e-10
227	3.02867e-10
228	3.02867e-10
229	3.02867e-10
230	3.02867e-10
231	3.02867e-10
232	3.02867e-10
233	3.02867e-10
234	3.02867e-10
235	3.02867e-10
236	3.02867e-10
237	3.02867e-10
238	3.02867e-10
239	3.02867e-10
240	3.02867e-10
241	3.02867e-10
242	3.02867e-10
243	3.02867e-10
244	3.02867e-10
245	3.02867e-10
246	3.02867e-10
247	3.02867e-10
248	3.02867e-10
249	3.02867e-10
250	3.02867e-10
251	3.02867e-10
252	3.02867e-10
253	3.02867e-10
254	3.02867e-10
255	3.02867e-10
256	3.02867e-10
257	3.02867e-10
258	3.02867e-10
259	3.02867e-10
260	3.02867e-10
261	2.86042e-11
262	7.73637e-12
263	7.73637e-12
264	7.73637e-12
265	7.73637e-12
266	5.3562e-12
267	5.3562e-12
268	8.19291e-13
269	8.19291e-13
270	8.19291e-13
271	8.19291e-13
272	8.19291e-13
273	8.19291e-13
274	8.19291e-13
275	8.19291e-13
276	8.19291e-13
277	8.19291e-13
278	8.19291e-13
279	8.19291e-13
280	8.19291e-13
281	8.19291e-13
282	8.19291e-13
283	8.19291e-13
284	8.19291e-13
285	8.19291e-13
286	8.19291e-13
287	8.19291e-13
288	8.19291e-13
289	8.19291e-13
290	8.19291e-13
291	8.19291e-13
292	8.19291e-13
293	8.19291e-13
294	8.19291e-13
295	8.19291e-13
296	8.19291e-13
297	8.19291e-13
298	8.19291e-13
299	8.19291e-13
300	2.01731e-13
301	2.01731e-13
302	2.01731e-13
303	2.01731e-13
304	2.01731e-13
305	2.01731e-13
306	2.01731e-13
307	2.01731e-13
308	2.01731e-13
309	2.01731e-13
310	2.01731e-13
311	2.01731e-13
312	2.01731e-13
313	2.01731e-13
314	2.01731e-13
315	2.01731e-13
316	2.01731e-13
317	2.01731e-13
318	2.01731e-13
319	2.01731e-13
320	2.01731e-13
321	2.01731e-13
322	2.01731e-13
323	2.01731e-13
324	2.01731e-13
325	2.01731e-13
326	2.01731e-13
327	2.01731e-13
328	2.01731e-13
329	2.01731e-13
330	2.01731e-13
331	2.01731e-13
332	2.01731e-13
333	2.01731e-13
334	2.01731e-13
335	2.01731e-13
336	2.01731e-13
337	2.01731e-13
338	2.01731e-13
339	2.01731e-13
340	2.01731e-13
341	2.01731e-13
342	2.01731e-13
343	2.01731e-13
344	2.01731e-13
345	2.01731e-13
346	2.01731e-13
347	2.01731e-13
348	2.01731e-13
349	2.01731e-13
350	2.01731e-13
351	2.01731e-13
352	2.01731e-13
353	2.01731e-13
354	2.01731e-13
355	2.01731e-13
356	2.01731e-13
357	2.01731e-13
358	2.01731e-13
359	1.31786e-13
360	3.48924e-15
361	3.48924e-15
362	3.48924e-15
363	3.48924e-15
364	3.48924e-15
365	3.48924e-15
366	3.48924e-15
367	3.48924e-15
368	3.48924e-15
369	3.48924e-15
370	3.48924e-15
371	3.48924e-15
372	3.48924e-15
373	3.48924e-15
374	3.48924e-15
375	3.48924e-15
376	3.48924e-15
377	3.48924e-15
378	3.48924e-15
379	3.48924e-15
380	3.48924e-15
381	3.48924e-15
382	3.48924e-15
383	3.48924e-15
384	3.48924e-15
385	3.48924e-15
386	3.48924e-15
387	3.48924e-15
388	3.48924e-15
389	3.48924e-15
390	3.48924e-15
391	3.48924e-15
392	3.48924e-15
393	3.48924e-15
394	3.48924e-15
395	3.48924e-15
396	3.48924e-15
397	3.48924e-15
398	3.48924e-15
399	3.48924e-15
400	3.48924e-15
401	3.48924e-15
402	3.48924e-15
403	3.48924e-15
404	3.48924e-15
405	3.48924e-15
406	3.48924e-15
407	3.48924e-15
408	3.48924e-15
409	3.48924e-15
410	3.48924e-15
411	3.48924e-15
412	3.48924e-15
413	3.48924e-15
414	3.48924e-15
415	3.48924e-15
416	3.48924e-15
417	3.48924e-15
418	3.48924e-15
419	3.48924e-15
420	3.48924e-15
421	3.48924e-15
422	3.48924e-15
423	3.48924e-15
424	3.48924e-15
425	3.48924e-15
426	3.48924e-15
427	3.48924e-15
428	3.48924e-15
429	3.48924e-15
430	3.48924e-15
431	3.48924e-15
432	3.48924e-15
433	3.48924e-15
434	3.48924e-15
435	3.48924e-15
436	3.48924e-15
437	3.48924e-15
438	3.48924e-15
439	3.48924e-15
440	3.48924e-15
441	3.48924e-15
442	3.48924e-15
443	3.48924e-15
444	3.48924e-15
445	3.48924e-15
446	3.48924e-15
447	3.48924e-15
448	3.48924e-15
449	3.48924e-15
450	3.48924e-15
451	3.48924e-15
452	3.48924e-15
453	3.48924e-15
454	3.48924e-15
455	3.48924e-15
456	3.48924e-15
457	3.48924e-15
458	3.48924e-15
459	3.48924e-15
460	3.48924e-15
461	3.48924e-15
462	3.48924e-15
463	3.48924e-15
464	3.48924e-15
465	3.48924e-15
466	3.48924e-15
467	3.48924e-15
468	3.48924e-15
469	3.48924e-15
470	3.48924e-15
471	3.48924e-15
472	3.48924e-15
473	3.48924e-15
474	3.48924e-15
475	3.48924e-15
476	3.48924e-15
477	3.48924e-15
478	3.48924e-15
479	3.48924e-15
480	3.48924e-15
481	3.48924e-15
482	3.48924e-15
483	3.48924e-15
484	3.48924e-15
485	3.48924e-15
486	3.48924e-15
487	3.48924e-15
488	3.48924e-15
489	3.48924e-15
490	3.48924e-15
491	3.48924e-15
492	3.48924e-15
493	3.48924e-15
494	3.48924e-15
495	3.48924e-15
496	3.48924e-15
497	3.48924e-15
498	3.48924e-15
499	3.48924e-15
500	3.48924e-15
501	3.48924e-15
502	3.48924e-15
503	3.48924e-15
504	3.48924e-15
505	3.48924e-15
506	3.48924e-15
507	3.48924e-15
508	3.48924e-15
509	3.48924e-15
510	3.48924e-15
511	3.48924e-15
512	3.48924e-15
513	3.48924e-15
514	3.48924e-15
515	3.48924e-15
516	3.48924e-15
517	3.48924e-15
518	3.48924e-15
519	3.48924e-15
520	3.48924e-15
521	3.48924e-15
522	3.48924e-15
523	3.48924e-15
524	3.48924e-15
525	3.48924e-15
526	3.48924e-15
527	3.48924e-15
528	3.48924e-15
529	3.48924e-15
530	3.48924e-15
531	3.48924e-15
532	3.48924e-15
533	3.48924e-15
534	3.48924e-15
535	3.48924e-15
536	3.48924e-15
537	3.48924e-15
538	3.48924e-15
539	3.48924e-15
540	3.48924e-15
541	3.48924e-15
542	3.48924e-15
543	3.48924e-15
544	3.48924e-15
545	3.48924e-15
546	3.48924e-15
547	3.48924e-15
548	3.48924e-15
549	3.48924e-15
550	3.48924e-15
551	3.48924e-15
552	3.48924e-15
553	3.48924e-15
554	3.48924e-15
555	3.48924e-15
556	3.48924e-15
557	3.48924e-15
558	3.48924e-15
559	3.48924e-15
560	3.48924e-15
561	3.48924e-15
562	3.48924e-15
563	3.48924e-15
564	3.48924e-15
565	3.48924e-15
566	3.48924e-15
567	3.48924e-15
568	3.48924e-15
569	3.48924e-15
570	3.48924e-15
571	3.48924e-15
572	3.48924e-15
573	3.48924e-15
574	3.48924e-15
575	3.48924e-15
576	3.48924e-15
577	3.48924e-15
578	3.48924e-15
579	3.48924e-15
580	3.48924e-15
581	3.48924e-15
582	3.48924e-15
583	3.48924e-15
584	3.48924e-15
585	3.48924e-15
586	3.48924e-15
587	3.48924e-15
588	3.48924e-15
589	3.48924e-15
590	3.48924e-15
591	3.48924e-15
592	3.48924e-15
593	3.48924e-15
594	3.48924e-15
595	3.48924e-15
596	3.48924e-15
597	3.48924e-15
598	3.48924e-15
599	3.48924e-15
600	3.48924e-15
601	3.48924e-15
602	3.48924e-15
603	3.48924e-15
604	3.48924e-15
605	3.48924e-15
606	3.48924e-15
607	3.48924e-15
608	3.48924e-15
609	3.48924e-15
610	3.48924e-15
611	3.48924e-15
612	3.48924e-15
613	3.48924e-15
614	3.48924e-15
615	3.48924e-15
616	3.48924e-15
617	3.48924e-15
618	3.48924e-15
619	3.48924e-15
620	3.48924e-15
621	3.48924e-15
622	3.48924e-15
623	3.48924e-15
624	3.48924e-15
625	3.48924e-15
626	3.48924e-15
627	3.48924e-15
628	3.48924e-15
629	3.48924e-15
630	3.48924e-15
631	3.48924e-15
632	3.48924e-15
633	3.48924e-15
634	3.48924e-15
635	3.48924e-15
636	3.48924e-15
637	3.48924e-15
638	3.48924e-15
639	3.48924e-15
640	3.48924e-15
641	3.48924e-15
642	2.17068e-15
643	2.17068e-15
644	2.17068e-15
645	2.17068e-15
646	2.17068e-15
647	2.17068e-15
648	2.17068e-15
649	2.17068e-15
650	2.17068e-15
651	2.17068e-15
652	2.17068e-15
653	2.17068e-15
654	2.17068e-15
655	2.17068e-15
656	2.17068e-15
657	2.17068e-15
658	2.17068e-15
659	2.17068e-15
660	2.17068e-15
661	2.17068e-15
662	2.17068e-15
663	2.17068e-15
664	2.17068e-15
665	2.17068e-15
666	2.17068e-15
667	2.17068e-15
668	2.17068e-15
669	2.17068e-15
670	2.17068e-15
671	2.17068e-15
672	2.17068e-15
673	2.17068e-15
674	2.17068e-15
675	2.17068e-15
676	2.17068e-15
677	2.17068e-15
678	2.17068e-15
679	2.17068e-15
680	2.17068e-15
681	2.17068e-15
682	2.17068e-15
683	2.17068e-15
684	2.17068e-15
685	2.17068e-15
686	2.17068e-15
687	2.17068e-15
688	2.17068e-15
689	2.17068e-15
690	2.17068e-15
691	2.17068e-15
692	2.17068e-15
693	2.17068e-15
694	2.17068e-15
695	2.17068e-15
696	1.11883e-15
697	1.11883e-15
698	1.11883e-15
699	1.11883e-15
700	1.11883e-15
701	1.11883e-15
702	1.11883e-15
703	1.11883e-15
704	1.11883e-15
705	1.11883e-15
706	1.11883e-15
707	1.11883e-15
708	1.11883e-15
709	1.11883e-15
710	1.11883e-15
711	1.11883e-15
712	1.11883e-15
713	1.11883e-15
714	1.11883e-15
715	1.11883e-15
716	1.11883e-15
717	1.11883e-15
718	1.11883e-15
719	1.11883e-15
720	1.11883e-15
721	1.11883e-15
722	1.11883e-15
723	1.11883e-15
724	1.11883e-15
725	1.11883e-15
726	1.11883e-15
727	1.11883e-15
728	1.11883e-15
729	1.11883e-15
730	1.11883e-15
731	1.11883e-15
732	1.11883e-15
733	1.11883e-15
734	1.11883e-15
735	1.11883e-15
736	1.11883e-15
737	1.11883e-15
738	1.11883e-15
739	1.11883e-15
740	1.11883e-15
741	1.11883e-15
742	1.11883e-15
743	1.11883e-15
744	1.11883e-15
745	1.11883e-15
746	1.11883e-15
747	1.11883e-15
748	1.11883e-15
749	1.11883e-15
750	1.11883e-15
751	1.11883e-15
752	1.11883e-15
753	1.11883e-15
754	1.11883e-15
755	1.11883e-15
756	1.11883e-15
757	1.11883e-15
758	1.11883e-15
759	1.11883e-15
760	1.11883e-15
761	1.11883e-15
762	1.11883e-15
763	1.11883e-15
764	1.11883e-15
765	1.11883e-15
766	1.11883e-15
767	1.11883e-15
768	1.11883e-15
769	1.11883e-15
770	1.11883e-15
771	1.11883e-15
772	1.11883e-15
773	1.11883e-15
774	1.11883e-15
775	1.11883e-15
776	1.11883e-15
777	1.11883e-15
778	1.11883e-15
779	1.11883e-15
780	1.11883e-15
781	1.11883e-15
782	1.11883e-15
783	1.11883e-15
784	1.11883e-15
785	1.11883e-15
786	1.11883e-15
787	1.11883e-15
788	1.11883e-15
789	1.11883e-15
790	1.11883e-15
791	1.11883e-15
792	1.11883e-15
793	1.11883e-15
794	1.11883e-15
795	1.11883e-15
796	1.11883e-15
797	1.11883e-15
798	1.11883e-15
799	1.11883e-15
800	1.11883e-15
801	1.11883e-15
802	1.11883e-15
803	1.11883e-15
804	1.11883e-15
805	1.11883e-15
806	1.11883e-15
807	1.11883e-15
808	1.11883e-15
809	1.11883e-15
810	1.11883e-15
811	1.11883e-15
812	1.11883e-15
813	1.11883e-15
814	1.11883e-15
815	1.11883e-15
816	1.11883e-15
817	1.11883e-15
818	1.11883e-15
819	1.11883e-15
820	1.11883e-15
821	1.11883e-15
822	1.11883e-15
823	1.11883e-15
824	1.11883e-15
825	1.11883e-15
826	1.11883e-15
827	1.11883e-15
828	1.11883e-15
829	1.11883e-15
830	1.11883e-15
831	1.11883e-15
832	1.11883e-15
833	1.11883e-15
834	1.11883e-15
835	1.11883e-15
836	1.11883e-15
837	1.11883e-15
838	1.11883e-15
839	1.11883e-15
840	1.11883e-15
841	1.11883e-15
842	1.11883e-15
843	1.11883e-15
844	1.11883e-15
845	1.11883e-15
846	1.11883e-15
847	1.11883e-15
848	1.11883e-15
849	1.11883e-15
850	1.11883e-15
851	1.11883e-15
852	1.11883e-15
853	1.11883e-15
854	1.11883e-15
855	1.11883e-15
856	1.11883e-15
857	1.11883e-15
858	1.11883e-15
859	1.11883e-15
860	1.11883e-15
861	1.11883e-15
862	1.11883e-15
863	1.11883e-15
864	1.11883e-15
865	1.11883e-15
866	1.11883e-15
867	1.11883e-15
868	1.11883e-15
869	1.11883e-15
870	1.11883e-15
871	1.11883e-15
872	1.11883e-15
873	1.11883e-15
874	1.11883e-15
875	1.11883e-15
876	1.11883e-15
877	1.11883e-15
878	1.11883e-15
879	1.11883e-15
880	1.11883e-15
881	1.11883e-15
882	1.11883e-15
883	1.11883e-15
884	1.11883e-15
885	1.11883e-15
886	1.11883e-15
887	1.11883e-15
888	1.11883e-15
889	1.11883e-15
890	1.11883e-15
891	1.11883e-15
892	1.11883e-15
893	1.11883e-15
894	1.11883e-15
895	1.11883e-15
896	1.11883e-15
897	1.11883e-15
898	1.11883e-15
899	1.11883e-15
900	1.11883e-15
901	1.11883e-15
902	1.11883e-15
903	1.11883e-15
904	1.11883e-15
905	1.11883e-15
906	1.11883e-15
907	1.11883e-15
908	1.11883e-15
909	1.11883e-15
910	1.11883e-15
911	1.11883e-15
912	1.11883e-15
913	1.11883e-15
914	1.11883e-15
915	1.11883e-15
916	1.11883e-15
917	1.11883e-15
918	1.11883e-15
919	1.11883e-15
920	1.11883e-15
921	1.11883e-15
922	1.11883e-15
923	1.11883e-15
924	1.11883e-15
925	1.11883e-15
926	1.11883e-15
927	1.11883e-15
928	1.11883e-15
929	1.11883e-15
930	1.11883e-15
931	1.11883e-15
932	1.11883e-15
933	1.11883e-15
934	1.11883e-15
935	1.11883e-15
936	1.11883e-15
937	1.11883e-15
938	1.11883e-15
939	1.11883e-15
940	1.11883e-15
941	1.11883e-15
942	1.11883e-15
943	1.11883e-15
944	1.11883e-15
945	1.11883e-15
946	1.11883e-15
947	1.11883e-15
948	1.11883e-15
949	1.11883e-15
950	1.11883e-15
951	1.11883e-15
952	1.11883e-15
953	1.11883e-15
954	1.11883e-15
955	1.11883e-15
956	1.11883e-15
957	1.11883e-15
958	1.11883e-15
959	1.11883e-15
960	1.11883e-15
961	1.11883e-15
962	1.11883e-15
963	1.11883e-15
964	1.11883e-15
965	1.11883e-15
966	1.11883e-15
967	1.11883e-15
968	1.11883e-15
969	1.11883e-15
970	1.11883e-15
971	1.11883e-15
972	1.11883e-15
973	1.11883e-15
974	1.11883e-15
975	1.11883e-15
976	1.11883e-15
977	1.11883e-15
978	1.11883e-15
979	1.11883e-15
980	1.11883e-15
981	1.11883e-15
982	1.11883e-15
983	1.11883e-15
984	1.11883e-15
985	1.11883e-15
986	1.11883e-15
987	1.11883e-15
988	1.11883e-15
989	1.11883e-15
990	1.11883e-15
991	1.11883e-15
992	1.11883e-15
993	1.11883e-15
994	1.11883e-15
995	1.11883e-15
996	1.11883e-15
997	1.11883e-15
998	1.11883e-15
999	1.11883e-15
1000	1.11883e-15
1001	1.11883e-15
1002	1.11883e-15
1003	1.11883e-15
1004	1.11883e-15
1005	1.11883e-15
1006	1.11883e-15
1007	1.11883e-15
1008	1.11883e-15
1009	1.11883e-15
1010	1.11883e-15
1011	1.11883e-15
1012	1.11883e-15
1013	1.11883e-15
1014	1.11883e-15
1015	1.11883e-15
1016	1.11883e-15
1017	1.11883e-15
1018	1.11883e-15
1019	1.11883e-15
1020	1.11883e-15
1021	1.11883e-15
1022	1.11883e-15
1023	1.11883e-15
1024	1.11883e-15
1025	1.11883e-15
1026	1.11883e-15
1027	1.11883e-15
1028	1.11883e-15
1029	1.11883e-15
1030	1.11883e-15
1031	1.11883e-15
1032	1.11883e-15
1033	1.11883e-15
1034	1.11883e-15
1035	1.11883e-15
1036	1.11883e-15
1037	1.11883e-15
1038	4.74081e-18
1039	4.74081e-18
1040	4.74081e-18
1041	4.74081e-18
1042	4.74081e-18
1043	4.74081e-18
1044	4.74081e-18
1045	4.74081e-18
1046	4.74081e-18
1047	4.74081e-18
1048	4.74081e-18
1049	4.74081e-18
1050	4.74081e-18
1051	4.74081e-18
1052	4.74081e-18
1053	4.74081e-18
1054	4.74081e-18
1055	4.74081e-18
1056	4.74081e-18
1057	4.74081e-18
1058	4.74081e-18
1059	4.74081e-18
1060	4.74081e-18
1061	4.74081e-18
1062	4.74081e-18
1063	4.74081e-18
1064	4.74081e-18
1065	4.74081e-18
1066	4.74081e-18
1067	4.74081e-18
1068	4.74081e-18
1069	4.74081e-18
1070	4.74081e-18
1071	4.74081e-18
1072	4.74081e-18
1073	4.74081e-18
1074	4.74081e-18
1075	4.74081e-18
1076	4.74081e-18
1077	4.74081e-18
1078	4.74081e-18
1079	4.74081e-18
1080	4.74081e-18
1081	4.74081e-18
1082	4.74081e-18
1083	4.74081e-18
1084	4.74081e-18
1085	4.74081e-18
1086	4.74081e-18
1087	4.74081e-18
1088	4.74081e-18
1089	4.74081e-18
1090	4.74081e-18
1091	4.74081e-18
1092	4.74081e-18
1093	4.74081e-18
1094	4.74081e-18
1095	4.74081e-18
1096	4.74081e-18
1097	4.74081e-18
1098	4.74081e-18
1099	4.74081e-18
1100	4.74081e-18
1101	4.74081e-18
1102	4.74081e-18
1103	4.74081e-18
1104	4.74081e-18
1105	4.74081e-18
1106	4.74081e-18
1107	4.74081e-18
1108	4.74081e-18
1109	4.74081e-18
1110	4.74081e-18
1111	4.74081e-18
1112	4.74081e-18
1113	4.74081e-18
1114	4.74081e-18
1115	4.74081e-18
1116	4.74081e-18
1117	4.74081e-18
1118	4.74081e-18
1119	4.74081e-18
1120	4.74081e-18
1121	4.74081e-18
1122	4.74081e-18
1123	4.74081e-18
1124	4.74081e-18
1125	4.74081e-18
1126	4.74081e-18
1127	4.74081e-18
1128	4.74081e-18
1129	4.74081e-18
1130	4.74081e-18
1131	4.74081e-18
1132	4.74081e-18
1133	4.74081e-18
1134	4.74081e-18
1135	4.74081e-18
1136	4.74081e-18
1137	4.74081e-18
1138	4.74081e-18
1139	4.74081e-18
1140	4.74081e-18
1141	4.74081e-18
1142	4.74081e-18
1143	4.74081e-18
1144	4.74081e-18
1145	4.74081e-18
1146	4.74081e-18
1147	4.74081e-18
1148	4.74081e-18
1149	4.74081e-18
1150	4.74081e-18
1151	4.74081e-18
1152	4.74081e-18
1153	4.74081e-18
1154	4.74081e-18
1155	4.74081e-18
1156	4.74081e-18
1157	4.74081e-18
1158	4.74081e-18
1159	4.74081e-18
1160	4.74081e-18
1161	4.74081e-18
1162	4.74081e-18
1163	4.74081e-18
1164	4.74081e-18
1165	4.74081e-18
1166	4.74081e-18
1167	4.74081e-18
1168	4.74081e-18
1169	4.74081e-18
1170	4.74081e-18
1171	4.74081e-18
1172	4.74081e-18
1173	4.74081e-18
1174	4.74081e-18
1175	4.74081e-18
1176	4.74081e-18
1177	4.74081e-18
1178	4.74081e-18
1179	4.74081e-18
1180	4.74081e-18
1181	4.74081e-18
1182	4.74081e-18
1183	4.74081e-18
1184	4.74081e-18
1185	4.74081e-18
1186	4.74081e-18
1187	4.74081e-18
1188	4.74081e-18
1189	4.74081e-18
1190	4.74081e-18
1191	4.74081e-18
1192	4.74081e-18
1193	4.74081e-18
1194	4.74081e-18
1195	4.74081e-18
1196	4.74081e-18
1197	4.74081e-18
1198	4.74081e-18
1199	4.74081e-18
1200	4.74081e-18
1201	4.74081e-18
1202	4.74081e-18
1203	4.74081e-18
1204	4.74081e-18
1205	4.74081e-18
1206	4.74081e-18
1207	4.74081e-18
1208	4.74081e-18
1209	4.74081e-18
1210	4.74081e-18
1211	4.74081e-18
1212	4.74081e-18
1213	4.74081e-18
1214	4.74081e-18
1215	4.74081e-18
1216	4.74081e-18
1217	4.74081e-18
1218	4.74081e-18
1219	4.74081e-18
1220	4.74081e-18
1221	4.74081e-18
1222	4.74081e-18
1223	4.74081e-18
1224	4.74081e-18
1225	4.74081e-18
1226	4.74081e-18
1227	4.74081e-18
1228	4.74081e-18
1229	4.74081e-18
1230	4.74081e-18
1231	4.74081e-18
1232	4.74081e-18
1233	4.74081e-18
1234	4.74081e-18
1235	4.74081e-18
1236	4.74081e-18
1237	4.74081e-18
1238	4.74081e-18
1239	4.74081e-18
1240	4.74081e-18
1241	4.74081e-18
1242	4.74081e-18
1243	4.74081e-18
1244	4.74081e-18
1245	4.74081e-18
1246	4.74081e-18
1247	4.74081e-18
1248	4.74081e-18
1249	4.74081e-18
1250	4.74081e-18
1251	4.74081e-18
1252	4.74081e-18
1253	4.74081e-18
1254	4.74081e-18
1255	4.74081e-18
1256	4.74081e-18
1257	4.74081e-18
1258	4.74081e-18
1259	4.74081e-18
1260	4.74081e-18
1261	4.74081e-18
1262	4.74081e-18
1263	4.74081e-18
1264	4.74081e-18
1265	4.74081e-18
1266	4.74081e-18
1267	4.74081e-18
1268	4.74081e-18
1269	4.74081e-18
1270	4.74081e-18
1271	4.74081e-18
1272	4.74081e-18
1273	4.74081e-18
1274	4.74081e-18
1275	4.74081e-18
1276	4.74081e-18
1277	4.74081e-18
1278	4.74081e-18
1279	4.74081e-18
1280	4.74081e-18
1281	4.74081e-18
1282	4.74081e-18
1283	4.74081e-18
1284	4.74081e-18
1285	4.74081e-18
1286	4.74081e-18
1287	4.74081e-18
1288	4.74081e-18
1289	4.74081e-18
1290	4.74081e-18
1291	4.74081e-18
1292	4.74081e-18
1293	4.74081e-18
1294	4.74081e-18
1295	4.74081e-18
1296	4.74081e-18
1297	4.74081e-18
1298	4.74081e-18
1299	4.74081e-18
1300	4.74081e-18
1301	4.74081e-18
1302	4.74081e-18
1303	4.74081e-18
1304	4.74081e-18
1305	4.74081e-18
1306	4.74081e-18
1307	4.74081e-18
1308	4.74081e-18
1309	4.74081e-18
1310	4.74081e-18
1311	4.74081e-18
1312	4.74081e-18
1313	4.74081e-18
1314	4.74081e-18
1315	4.74081e-18
1316	4.74081e-18
1317	4.74081e-18
1318	4.74081e-18
1319	4.74081e-18
1320	4.74081e-18
1321	4.74081e-18
1322	4.74081e-18
1323	4.74081e-18
1324	4.74081e-18
1325	4.74081e-18
1326	4.74081e-18
1327	4.74081e-18
1328	4.74081e-18
1329	4.74081e-18
1330	4.74081e-18
1331	4.74081e-18
1332	4.74081e-18
1333	4.74081e-18
1334	4.74081e-18
1335	4.74081e-18
1336	4.74081e-18
1337	4.74081e-18
1338	4.74081e-18
1339	4.74081e-18
1340	4.74081e-18
1341	4.74081e-18
1342	4.74081e-18
1343	4.74081e-18
1344	4.74081e-18
1345	4.74081e-18
1346	4.74081e-18
1347	4.74081e-18
1348	4.74081e-18
1349	4.74081e-18
1350	4.74081e-18
1351	4.74081e-18
1352	4.74081e-18
1353	4.74081e-18
1354	4.74081e-18
1355	4.74081e-18
1356	4.74081e-18
1357	4.74081e-18
1358	4.74081e-18
1359	4.74081e-18
1360	4.74081e-18
1361	4.74081e-18
1362	4.74081e-18
1363	4.74081e-18
1364	4.74081e-18
1365	4.74081e-18
1366	4.74081e-18
1367	4.74081e-18
1368	4.74081e-18
1369	4.74081e-18
1370	4.74081e-18
1371	4.74081e-18
1372	4.74081e-18
1373	4.74081e-18
1374	4.74081e-18
1375	4.74081e-18
1376	4.74081e-18
1377	4.74081e-18
1378	4.74081e-18
1379	4.74081e-18
1380	4.74081e-18
1381	4.74081e-18
1382	4.74081e-18
1383	4.74081e-18
1384	4.74081e-18
1385	4.74081e-18
1386	4.74081e-18
1387	4.74081e-18
1388	4.74081e-18
1389	4.74081e-18
1390	4.74081e-18
1391	4.74081e-18
1392	4.74081e-18
1393	4.74081e-18
1394	4.74081e-18
1395	4.74081e-18
1396	4.74081e-18
1397	4.74081e-18
1398	4.74081e-18
1399	4.74081e-18
1400	4.74081e-18
1401	4.74081e-18
1402	4.74081e-18
1403	4.74081e-18
1404	4.74081e-18
1405	4.74081e-18
1406	4.74081e-18
1407	4.74081e-18
1408	4.74081e-18
1409	4.74081e-18
1410	4.74081e-18
1411	4.74081e-18
1412	4.74081e-18
1413	4.74081e-18
1414	4.74081e-18
1415	4.74081e-18
1416	4.74081e-18
1417	4.74081e-18
1418	4.74081e-18
1419	4.74081e-18
1420	4.74081e-18
1421	4.74081e-18
1422	4.74081e-18
1423	4.74081e-18
1424	4.74081e-18
1425	4.74081e-18
1426	4.74081e-18
1427	4.74081e-18
1428	4.74081e-18
1429	4.74081e-18
1430	4.74081e-18
1431	4.74081e-18
1432	4.74081e-18
1433	4.74081e-18
1434	4.74081e-18
1435	4.74081e-18
1436	4.74081e-18
1437	4.74081e-18
1438	4.74081e-18
1439	4.74081e-18
1440	4.74081e-18
1441	4.74081e-18
1442	4.74081e-18
1443	4.74081e-18
1444	4.74081e-18
1445	4.74081e-18
1446	4.74081e-18
1447	4.74081e-18
1448	4.74081e-18
1449	4.74081e-18
1450	4.74081e-18
1451	4.74081e-18
1452	4.74081e-18
1453	4.74081e-18
1454	4.74081e-18
1455	4.74081e-18
1456	4.74081e-18
1457	4.74081e-18
1458	4.74081e-18
1459	4.74081e-18
1460	4.74081e-18
1461	4.74081e-18
1462	4.74081e-18
1463	4.74081e-18
1464	4.74081e-18
1465	4.74081e-18
1466	4.74081e-18
1467	4.74081e-18
1468	4.74081e-18
1469	4.74081e-18
1470	4.74081e-18
1471	4.74081e-18
1472	4.74081e-18
1473	4.74081e-18
1474	4.74081e-18
1475	4.74081e-18
1476	4.74081e-18
1477	4.74081e-18
1478	4.74081e-18
1479	4.74081e-18
1480	4.74081e-18
1481	4.74081e-18
1482	4.74081e-18
1483	4.74081e-18
1484	4.74081e-18
1485	4.74081e-18
1486	4.74081e-18
1487	4.74081e-18
1488	4.74081e-18
1489	4.74081e-18
1490	4.74081e-18
1491	4.74081e-18
1492	4.74081e-18
1493	4.74081e-18
1494	4.74081e-18
1495	4.74081e-18
1496	4.74081e-18
1497	4.74081e-18
1498	4.74081e-18
1499	4.74081e-18
1500	4.74081e-18
1501	4.74081e-18
1502	4.74081e-18
1503	4.74081e-18
1504	4.74081e-18
1505	4.74081e-18
1506	4.74081e-18
1507	4.74081e-18
1508	4.74081e-18
1509	4.74081e-18
1510	4.74081e-18
1511	4.74081e-18
1512	4.74081e-18
1513	4.74081e-18
1514	4.74081e-18
1515	4.74081e-18
1516	4.74081e-18
1517	4.74081e-18
1518	4.74081e-18
1519	4.74081e-18
1520	4.74081e-18
1521	4.74081e-18
1522	4.74081e-18
1523	4.74081e-18
1524	4.74081e-18
1525	4.74081e-18
1526	4.74081e-18
1527	4.74081e-18
1528	4.74081e-18
1529	4.74081e-18
1530	4.74081e-18
1531	4.74081e-18
1532	4.74081e-18
1533	4.74081e-18
1534	4.74081e-18
1535	4.74081e-18
1536	4.74081e-18
1537	4.74081e-18
1538	4.74081e-18
1539	4.74081e-18
1540	4.74081e-18
1541	4.74081e-18
1542	4.74081e-18
1543	4.74081e-18
1544	4.74081e-18
1545	4.74081e-18
1546	4.74081e-18
1547	4.74081e-18
1548	4.74081e-18
1549	4.74081e-18
1550	4.74081e-18
1551	4.74081e-18
1552	4.74081e-18
1553	4.74081e-18
1554	4.74081e-18
1555	4.74081e-18
1556	4.74081e-18
1557	4.74081e-18
1558	4.74081e-18
1559	4.74081e-18
1560	4.74081e-18
1561	4.74081e-18
1562	4.74081e-18
1563	4.74081e-18
1564	4.74081e-18
1565	4.74081e-18
1566	4.74081e-18
1567	4.74081e-18
1568	4.74081e-18
1569	4.74081e-18
1570	4.74081e-18
1571	4.74081e-18
1572	4.74081e-18
1573	4.74081e-18
1574	4.74081e-18
1575	4.74081e-18
1576	4.74081e-18
1577	4.74081e-18
1578	4.74081e-18
1579	4.74081e-18
1580	4.74081e-18
1581	4.74081e-18
1582	4.74081e-18
1583	4.74081e-18
1584	4.74081e-18
1585	4.74081e-18
1586	4.74081e-18
1587	4.74081e-18
1588	4.74081e-18
1589	4.74081e-18
1590	4.74081e-18
1591	4.74081e-18
1592	4.74081e-18
1593	4.74081e-18
1594	4.74081e-18
1595	4.74081e-18
1596	4.74081e-18
1597	4.74081e-18
1598	4.74081e-18
1599	4.74081e-18
1600	4.74081e-18
1601	4.74081e-18
1602	4.74081e-18
1603	4.74081e-18
1604	4.74081e-18
1605	4.74081e-18
1606	4.74081e-18
1607	4.74081e-18
1608	4.74081e-18
1609	4.74081e-18
1610	4.74081e-18
1611	4.74081e-18
1612	4.74081e-18
1613	4.74081e-18
1614	4.74081e-18
1615	4.74081e-18
1616	4.74081e-18
1617	4.74081e-18
1618	4.74081e-18
1619	4.74081e-18
1620	4.74081e-18
1621	4.74081e-18
1622	4.74081e-18
1623	4.74081e-18
1624	4.74081e-18
1625	4.74081e-18
1626	4.74081e-18
1627	4.74081e-18
1628	4.74081e-18
1629	4.74081e-18
1630	4.74081e-18
1631	4.74081e-18
1632	4.74081e-18
1633	4.74081e-18
1634	4.74081e-18
1635	4.74081e-18
1636	4.74081e-18
1637	4.74081e-18
1638	4.74081e-18
1639	4.74081e-18
1640	4.74081e-18
1641	4.74081e-18
1642	4.74081e-18
1643	4.74081e-18
1644	4.74081e-18
1645	4.74081e-18
1646	4.74081e-18
1647	4.74081e-18
1648	4.74081e-18
1649	4.74081e-18
1650	4.74081e-18
1651	4.74081e-18
1652	4.74081e-18
1653	4.74081e-18
1654	4.74081e-18
1655	4.74081e-18
1656	4.74081e-18
1657	4.74081e-18
1658	4.74081e-18
1659	4.74081e-18
1660	4.74081e-18
1661	4.74081e-18
1662	4.74081e-18
1663	4.74081e-18
1664	4.74081e-18
1665	4.74081e-18
1666	4.74081e-18
1667	4.74081e-18
1668	4.74081e-18
1669	4.74081e-18
1670	4.74081e-18
1671	4.74081e-18
1672	4.74081e-18
1673	4.74081e-18
1674	4.74081e-18
1675	4.74081e-18
1676	4.74081e-18
1677	4.74081e-18
1678	4.74081e-18
1679	4.74081e-18
1680	4.74081e-18
1681	4.74081e-18
1682	4.74081e-18
1683	4.74081e-18
1684	4.74081e-18
1685	4.74081e-18
1686	4.74081e-18
1687	4.74081e-18
1688	4.74081e-18
1689	4.74081e-18
1690	4.74081e-18
1691	4.74081e-18
1692	4.74081e-18
1693	4.74081e-18
1694	4.74081e-18
1695	4.74081e-18
1696	4.74081e-18
1697	4.74081e-18
1698	4.74081e-18
1699	4.74081e-18
1700	4.74081e-18
1701	4.74081e-18
1702	4.74081e-18
1703	4.74081e-18
1704	4.74081e-18
1705	4.74081e-18
1706	4.74081e-18
1707	4.74081e-18
1708	4.74081e-18
1709	4.74081e-18
1710	4.74081e-18
1711	4.74081e-18
1712	4.74081e-18
1713	4.74081e-18
1714	4.74081e-18
1715	4.74081e-18
1716	4.74081e-18
1717	4.74081e-18
1718	4.74081e-18
1719	4.74081e-18
1720	4.74081e-18
1721	4.74081e-18
1722	4.74081e-18
1723	4.74081e-18
1724	4.74081e-18
1725	4.74081e-18
1726	4.74081e-18
1727	4.74081e-18
1728	4.74081e-18
1729	4.74081e-18
1730	4.74081e-18
1731	4.74081e-18
1732	4.74081e-18
1733	4.74081e-18
1734	4.74081e-18
1735	4.74081e-18
1736	4.74081e-18
1737	4.74081e-18
1738	4.74081e-18
1739	4.74081e-18
1740	4.74081e-18
1741	4.74081e-18
1742	4.74081e-18
1743	4.74081e-18
1744	4.74081e-18
1745	4.74081e-18
1746	4.74081e-18
1747	4.74081e-18
1748	4.74081e-18
1749	4.74081e-18
1750	4.74081e-18
1751	4.74081e-18
1752	4.74081e-18
1753	4.74081e-18
1754	4.74081e-18
1755	4.74081e-18
1756	4.74081e-18
1757	4.74081e-18
1758	4.74081e-18
1759	4.74081e-18
1760	4.74081e-18
1761	4.74081e-18
1762	4.74081e-18
1763	4.74081e-18
1764	4.74081e-18
1765	4.74081e-18
1766	4.74081e-18
1767	4.74081e-18
1768	4.74081e-18
1769	4.74081e-18
1770	4.74081e-18
1771	4.74081e-18
1772	4.74081e-18
1773	4.74081e-18
1774	4.74081e-18
1775	4.74081e-18
1776	4.74081e-18
1777	4.74081e-18
1778	4.74081e-18
1779	4.74081e-18
1780	4.74081e-18
1781	4.74081e-18
1782	4.74081e-18
1783	4.74081e-18
1784	4.74081e-18
1785	4.74081e-18
1786	4.74081e-18
1787	4.74081e-18
1788	4.74081e-18
1789	4.74081e-18
1790	4.74081e-18
1791	4.74081e-18
1792	4.74081e-18
1793	4.74081e-18
1794	4.74081e-18
1795	4.74081e-18
1796	4.74081e-18
1797	4.74081e-18
1798	4.74081e-18
1799	4.74081e-18
1800	4.74081e-18
1801	4.74081e-18
1802	4.74081e-18
1803	4.74081e-18
1804	4.74081e-18
1805	4.74081e-18
1806	4.74081e-18
1807	4.74081e-18
1808	4.74081e-18
1809	4.74081e-18
1810	4.74081e-18
1811	4.74081e-18
1812	4.74081e-18
1813	4.74081e-18
1814	4.74081e-18
1815	4.74081e-18
1816	4.74081e-18
1817	4.74081e-18
1818	4.74081e-18
1819	4.74081e-18
1820	4.74081e-18
1821	4.74081e-18
1822	4.74081e-18
1823	4.74081e-18
1824	4.74081e-18
1825	4.74081e-18
1826	4.74081e-18
1827	4.74081e-18
1828	4.74081e-18
1829	4.74081e-18
1830	4.74081e-18
1831	4.74081e-18
1832	4.74081e-18
1833	4.74081e-18
1834	4.74081e-18
1835	4.74081e-18
1836	4.74081e-18
1837	4.74081e-18
1838	4.74081e-18
1839	4.74081e-18
1840	4.74081e-18
1841	4.74081e-18
1842	4.74081e-18
1843	4.74081e-18
1844	4.74081e-18
1845	4.74081e-18
1846	4.74081e-18
1847	4.74081e-18
1848	4.74081e-18
1849	4.74081e-18
1850	4.74081e-18
1851	4.74081e-18
1852	4.74081e-18
1853	4.74081e-18
1854	4.74081e-18
1855	4.74081e-18
1856	4.74081e-18
1857	4.74081e-18
1858	4.74081e-18
1859	4.74081e-18
1860	4.74081e-18
1861	4.74081e-18
1862	4.74081e-18
1863	4.74081e-18
1864	4.74081e-18
1865	4.74081e-18
1866	4.74081e-18
1867	4.74081e-18
1868	4.74081e-18
1869	4.74081e-18
1870	4.74081e-18
1871	4.74081e-18
1872	4.74081e-18
1873	4.74081e-18
1874	4.74081e-18
1875	4.74081e-18
1876	4.74081e-18
1877	4.74081e-18
1878	4.74081e-18
1879	4.74081e-18
1880	4.74081e-18
1881	4.74081e-18
1882	4.74081e-18
1883	4.74081e-18
1884	4.74081e-18
1885	4.74081e-18
1886	4.74081e-18
1887	4.74081e-18
1888	4.74081e-18
1889	4.74081e-18
1890	4.74081e-18
1891	4.74081e-18
1892	4.74081e-18
1893	4.74081e-18
1894	4.74081e-18
1895	4.74081e-18
1896	4.74081e-18
1897	4.74081e-18
1898	4.74081e-18
1899	4.74081e-18
1900	4.74081e-18
1901	4.74081e-18
1902	4.74081e-18
1903	4.74081e-18
1904	4.74081e-18
1905	4.74081e-18
1906	4.74081e-18
1907	4.74081e-18
1908	4.74081e-18
1909	4.74081e-18
1910	4.74081e-18
1911	4.74081e-18
1912	4.74081e-18
1913	4.74081e-18
1914	4.74081e-18
1915	4.74081e-18
1916	4.74081e-18
1917	4.74081e-18
1918	4.74081e-18
1919	4.74081e-18
1920	4.74081e-18
1921	4.74081e-18
1922	4.74081e-18
1923	4.74081e-18
1924	4.74081e-18
1925	4.74081e-18
1926	4.74081e-18
1927	4.74081e-18
1928	4.74081e-18
1929	4.74081e-18
1930	4.74081e-18
1931	4.74081e-18
1932	4.74081e-18
1933	4.74081e-18
1934	4.74081e-18
1935	4.74081e-18
1936	4.74081e-18
1937	4.74081e-18
1938	4.74081e-18
1939	4.74081e-18
1940	4.74081e-18
1941	4.74081e-18
1942	4.74081e-18
1943	4.74081e-18
1944	4.74081e-18
1945	4.74081e-18
1946	4.74081e-18
1947	4.74081e-18
1948	4.74081e-18
1949	4.74081e-18
1950	4.74081e-18
1951	4.74081e-18
1952	4.74081e-18
1953	4.74081e-18
1954	4.74081e-18
1955	4.74081e-18
1956	4.74081e-18
1957	4.74081e-18
1958	4.74081e-18
1959	4.74081e-18
1960	4.74081e-18
1961	4.74081e-18
1962	4.74081e-18
1963	4.74081e-18
1964	4.74081e-18
1965	4.74081e-18
1966	4.74081e-18
1967	4.74081e-18
1968	4.74081e-18
1969	4.74081e-18
1970	4.74081e-18
1971	4.74081e-18
1972	4.74081e-18
1973	4.74081e-18
1974	4.74081e-18
1975	4.74081e-18
1976	4.74081e-18
1977	4.74081e-18
1978	4.74081e-18
1979	4.74081e-18
1980	4.74081e-18
1981	4.74081e-18
1982	4.74081e-18
1983	4.74081e-18
1984	4.74081e-18
1985	4.74081e-18
1986	4.74081e-18
1987	4.74081e-18
1988	4.74081e-18
1989	4.74081e-18
1990	4.74081e-18
1991	4.74081e-18
1992	4.74081e-18
1993	4.74081e-18
1994	4.74081e-18
1995	4.74081e-18
1996	4.74081e-18
1997	4.74081e-18
1998	4.74081e-18
1999	4.74081e-18
2000	4.74081e-18
2001	4.74081e-18
2002	4.74081e-18
2003	4.74081e-18
2004	4.74081e-18
2005	4.74081e-18
2006	4.74081e-18
2007	4.74081e-18
2008	4.74081e-18
2009	4.74081e-18
2010	4.74081e-18
2011	4.74081e-18
2012	4.74081e-18
2013	4.74081e-18
2014	4.74081e-18
2015	4.74081e-18
2016	4.74081e-18
2017	4.74081e-18
2018	4.74081e-18
2019	4.74081e-18
2020	4.74081e-18
2021	4.74081e-18
2022	4.74081e-18
2023	4.74081e-18
2024	4.74081e-18
2025	4.74081e-18
2026	4.74081e-18
2027	4.74081e-18
2028	4.74081e-18
2029	4.74081e-18
2030	4.74081e-18
2031	4.74081e-18
2032	4.74081e-18
2033	4.74081e-18
2034	4.74081e-18
2035	4.74081e-18
2036	4.74081e-18
2037	4.74081e-18
2038	4.74081e-18
2039	4.74081e-18
2040	4.74081e-18
2041	4.74081e-18
2042	4.74081e-18
2043	4.74081e-18
2044	4.74081e-18
2045	4.74081e-18
2046	4.74081e-18
2047	4.74081e-18
2048	4.74081e-18
2049	4.74081e-18
2050	4.74081e-18
2051	4.74081e-18
2052	4.74081e-18
2053	4.74081e-18
2054	4.74081e-18
2055	4.74081e-18
2056	4.74081e-18
2057	4.74081e-18
2058	4.74081e-18
2059	4.74081e-18
2060	4.74081e-18
2061	4.74081e-18
2062	4.74081e-18
2063	4.74081e-18
2064	4.74081e-18
2065	4.74081e-18
2066	4.74081e-18
2067	4.74081e-18
2068	4.74081e-18
2069	4.74081e-18
2070	4.74081e-18
2071	4.74081e-18
2072	4.74081e-18
2073	4.74081e-18
2074	4.74081e-18
2075	4.74081e-18
2076	4.74081e-18
2077	4.74081e-18
2078	4.74081e-18
2079	4.74081e-18
2080	4.74081e-18
2081	4.74081e-18
2082	4.74081e-18
2083	4.74081e-18
2084	4.74081e-18
2085	4.74081e-18
2086	4.74081e-18
2087	4.74081e-18
2088	4.74081e-18
2089	4.74081e-18
2090	4.74081e-18
2091	4.74081e-18
2092	4.74081e-18
2093	4.74081e-18
2094	4.74081e-18
2095	4.74081e-18
2096	4.74081e-18
2097	4.74081e-18
2098	4.74081e-18
2099	4.74081e-18
2100	4.74081e-18
2101	4.74081e-18
2102	4.74081e-18
2103	4.74081e-18
2104	4.74081e-18
2105	4.74081e-18
2106	4.74081e-18
2107	4.74081e-18
2108	4.74081e-18
2109	4.74081e-18
2110	4.74081e-18
2111	4.74081e-18
2112	4.74081e-18
2113	4.74081e-18
2114	4.74081e-18
2115	4.74081e-18
2116	4.74081e-18
2117	4.74081e-18
2118	4.74081e-18
2119	4.74081e-18
2120	4.74081e-18
2121	4.74081e-18
2122	4.74081e-18
2123	4.74081e-18
2124	4.74081e-18
2125	4.74081e-18
2126	4.74081e-18
2127	4.74081e-18
2128	4.74081e-18
2129	4.74081e-18
2130	4.74081e-18
2131	4.74081e-18
2132	4.74081e-18
2133	4.74081e-18
2134	4.74081e-18
2135	4.74081e-18
2136	4.74081e-18
2137	4.74081e-18
2138	4.74081e-18
2139	4.74081e-18
2140	4.74081e-18
2141	4.74081e-18
2142	4.74081e-18
2143	4.74081e-18
2144	4.74081e-18
2145	4.74081e-18
2146	4.74081e-18
2147	4.74081e-18
2148	4.74081e-18
2149	4.74081e-18
2150	4.74081e-18
2151	4.74081e-18
2152	4.74081e-18
2153	4.74081e-18
2154	4.74081e-18
2155	4.74081e-18
2156	4.74081e-18
2157	4.74081e-18
2158	4.74081e-18
2159	4.74081e-18
2160	4.74081e-18
2161	4.74081e-18
2162	4.74081e-18
2163	4.74081e-18
2164	4.74081e-18
2165	4.74081e-18
2166	4.74081e-18
2167	4.74081e-18
2168	4.74081e-18
2169	4.74081e-18
2170	4.74081e-18
2171	4.74081e-18
2172	4.74081e-18
2173	4.74081e-18
2174	4.74081e-18
2175	4.74081e-18
2176	4.74081e-18
2177	4.74081e-18
2178	4.74081e-18
2179	4.74081e-18
2180	4.74081e-18
2181	4.74081e-18
2182	4.74081e-18
2183	4.74081e-18
2184	4.74081e-18
2185	4.74081e-18
2186	4.74081e-18
2187	4.74081e-18
2188	4.74081e-18
2189	4.74081e-18
2190	4.74081e-18
2191	4.74081e-18
2192	4.74081e-18
2193	4.74081e-18
2194	4.74081e-18
2195	4.74081e-18
2196	4.74081e-18
2197	4.74081e-18
2198	4.74081e-18
2199	4.74081e-18
2200	4.74081e-18
2201	4.74081e-18
2202	4.74081e-18
2203	4.74081e-18
2204	4.74081e-18
2205	4.74081e-18
2206	4.74081e-18
2207	4.74081e-18
2208	4.74081e-18
2209	4.74081e-18
2210	4.74081e-18
2211	4.74081e-18
2212	4.74081e-18
2213	4.74081e-18
2214	4.74081e-18
2215	4.74081e-18
2216	4.74081e-18
2217	4.74081e-18
2218	4.74081e-18
2219	4.74081e-18
2220	4.74081e-18
2221	4.74081e-18
2222	4.74081e-18
2223	4.74081e-18
2224	4.74081e-18
2225	4.74081e-18
2226	4.74081e-18
2227	4.74081e-18
2228	4.74081e-18
2229	4.74081e-18
2230	4.74081e-18
2231	4.74081e-18
2232	4.74081e-18
2233	4.74081e-18
2234	4.74081e-18
2235	4.74081e-18
2236	4.74081e-18
2237	4.74081e-18
2238	4.74081e-18
2239	4.74081e-18
2240	4.74081e-18
2241	4.74081e-18
2242	4.74081e-18
2243	4.74081e-18
2244	4.74081e-18
2245	4.74081e-18
2246	4.74081e-18
2247	4.74081e-18
2248	4.74081e-18
2249	4.74081e-18
2250	4.74081e-18
2251	4.74081e-18
2252	4.74081e-18
2253	4.74081e-18
2254	4.74081e-18
2255	4.74081e-18
2256	4.74081e-18
2257	4.74081e-18
2258	4.74081e-18
2259	4.74081e-18
2260	4.74081e-18
2261	4.74081e-18
2262	4.74081e-18
2263	4.74081e-18
2264	4.74081e-18
2265	4.74081e-18
2266	4.74081e-18
2267	4.74081e-18
2268	4.74081e-18
2269	4.74081e-18
2270	4.74081e-18
2271	4.74081e-18
2272	4.74081e-18
2273	4.74081e-18
2274	4.74081e-18
2275	4.74081e-18
2276	4.74081e-18
2277	4.74081e-18
2278	4.74081e-18
2279	4.74081e-18
2280	4.74081e-18
2281	4.74081e-18
2282	4.74081e-18
2283	4.74081e-18
2284	4.74081e-18
2285	4.74081e-18
2286	4.74081e-18
2287	4.74081e-18
2288	4.74081e-18
2289	4.74081e-18
2290	4.74081e-18
2291	3.57664e-19
2292	3.57664e-19
2293	3.57664e-19
2294	3.57664e-19
2295	3.57664e-19
2296	3.57664e-19
2297	3.57664e-19
2298	3.57664e-19
2299	3.57664e-19
2300	3.57664e-19
2301	3.57664e-19
2302	3.57664e-19
2303	3.57664e-19
2304	3.57664e-19
2305	3.57664e-19
2306	3.57664e-19
2307	3.57664e-19
2308	3.57664e-19
2309	3.57664e-19
2310	3.57664e-19
2311	3.57664e-19
2312	3.57664e-19
2313	3.57664e-19
2314	3.57664e-19
2315	3.57664e-19
2316	3.57664e-19
2317	3.57664e-19
2318	3.57664e-19
2319	3.57664e-19
2320	3.57664e-19
2321	3.57664e-19
2322	3.57664e-19
2323	3.57664e-19
2324	3.57664e-19
2325	3.57664e-19
2326	3.57664e-19
2327	3.57664e-19
2328	3.57664e-19
2329	3.57664e-19
2330	3.57664e-19
2331	3.57664e-19
2332	3.57664e-19
2333	3.57664e-19
2334	3.57664e-19
2335	3.57664e-19
2336	3.57664e-19
2337	3.57664e-19
2338	3.57664e-19
2339	3.57664e-19
2340	3.57664e-19
2341	3.57664e-19
2342	3.57664e-19
2343	3.57664e-19
2344	3.57664e-19
2345	3.57664e-19
2346	3.57664e-19
2347	3.57664e-19
2348	3.57664e-19
2349	3.57664e-19
2350	3.57664e-19
2351	3.57664e-19
2352	3.57664e-19
2353	3.57664e-19
2354	3.57664e-19
2355	3.57664e-19
2356	3.57664e-19
2357	3.57664e-19
2358	3.57664e-19
2359	3.57664e-19
2360	3.57664e-19
2361	3.57664e-19
2362	3.57664e-19
2363	3.57664e-19
2364	3.57664e-19
2365	3.57664e-19
2366	3.57664e-19
2367	3.57664e-19
2368	3.57664e-19
2369	3.57664e-19
2370	3.57664e-19
2371	3.57664e-19
2372	3.57664e-19
2373	3.57664e-19
2374	3.57664e-19
2375	3.57664e-19
2376	3.57664e-19
2377	3.57664e-19
2378	3.57664e-19
2379	3.57664e-19
2380	3.57664e-19
2381	3.57664e-19
2382	3.57664e-19
2383	3.57664e-19
2384	3.57664e-19
2385	3.57664e-19
2386	3.57664e-19
2387	3.57664e-19
2388	3.57664e-19
2389	3.57664e-19
2390	3.57664e-19
2391	3.57664e-19
2392	3.57664e-19
2393	3.57664e-19
2394	3.57664e-19
2395	3.57664e-19
2396	3.57664e-19
2397	3.57664e-19
2398	3.57664e-19
2399	3.57664e-19
2400	3.57664e-19
2401	3.57664e-19
2402	3.57664e-19
2403	3.57664e-19
2404	3.57664e-19
2405	3.57664e-19
2406	3.57664e-19
2407	3.57664e-19
2408	3.57664e-19
2409	3.57664e-19
2410	3.57664e-19
2411	3.57664e-19
2412	3.57664e-19
2413	3.57664e-19
2414	3.57664e-19
2415	3.57664e-19
2416	3.57664e-19
2417	3.57664e-19
2418	3.57664e-19
2419	3.57664e-19
2420	3.57664e-19
2421	3.57664e-19
2422	3.57664e-19
2423	3.57664e-19
2424	3.57664e-19
2425	3.57664e-19
2426	3.57664e-19
2427	3.57664e-19
2428	3.57664e-19
2429	3.57664e-19
2430	3.57664e-19
2431	3.57664e-19
2432	3.57664e-19
2433	3.57664e-19
2434	3.57664e-19
2435	3.57664e-19
2436	3.57664e-19
2437	3.57664e-19
2438	3.57664e-19
2439	3.57664e-19
2440	3.57664e-19
2441	3.57664e-19
2442	3.57664e-19
2443	3.57664e-19
2444	3.57664e-19
2445	3.57664e-19
2446	3.57664e-19
2447	3.57664e-19
2448	3.57664e-19
2449	3.57664e-19
2450	3.57664e-19
2451	3.57664e-19
2452	3.57664e-19
2453	3.57664e-19
2454	3.57664e-19
2455	3.57664e-19
2456	3.57664e-19
2457	3.57664e-19
2458	3.57664e-19
2459	3.57664e-19
2460	3.57664e-19
2461	3.57664e-19
2462	3.57664e-19
2463	3.57664e-19
2464	3.57664e-19
2465	3.57664e-19
2466	3.57664e-19
2467	3.57664e-19
2468	3.57664e-19
2469	3.57664e-19
2470	3.57664e-19
2471	3.57664e-19
2472	3.57664e-19
2473	3.57664e-19
2474	3.57664e-19
2475	3.57664e-19
2476	3.57664e-19
2477	3.57664e-19
2478	3.57664e-19
2479	3.57664e-19
2480	3.57664e-19
2481	3.57664e-19
2482	3.57664e-19
2483	3.57664e-19
2484	3.57664e-19
2485	3.57664e-19
2486	3.57664e-19
2487	3.57664e-19
2488	3.57664e-19
2489	3.57664e-19
2490	3.57664e-19
2491	3.57664e-19
2492	3.57664e-19
2493	3.57664e-19
2494	3.57664e-19
2495	3.57664e-19
2496	3.57664e-19
2497	3.57664e-19
2498	3.57664e-19
2499	3.57664e-19
2500	3.57664e-19
2501	3.57664e-19
2502	3.57664e-19
2503	3.57664e-19
2504	3.57664e-19
2505	3.57664e-19
2506	3.57664e-19
2507	3.57664e-19
2508	3.57664e-19
2509	3.57664e-19
2510	3.57664e-19
2511	3.57664e-19
2512	3.57664e-19
2513	3.57664e-19
2514	3.57664e-19
2515	3.57664e-19
2516	3.57664e-19
2517	3.57664e-19
2518	3.57664e-19
2519	3.57664e-19
2520	3.57664e-19
2521	3.57664e-19
2522	3.57664e-19
2523	3.57664e-19
2524	3.57664e-19
2525	3.57664e-19
2526	3.57664e-19
2527	3.57664e-19
2528	3.57664e-19
2529	3.57664e-19
2530	3.57664e-19
2531	3.57664e-19
2532	3.57664e-19
2533	3.57664e-19
2534	3.57664e-19
2535	3.57664e-19
2536	3.57664e-19
2537	3.57664e-19
2538	3.57664e-19
2539	3.57664e-19
2540	3.57664e-19
2541	3.57664e-19
2542	3.57664e-19
2543	3.57664e-19
2544	3.57664e-19
2545	3.57664e-19
2546	3.57664e-19
2547	3.57664e-19
2548	3.57664e-19
2549	3.57664e-19
2550	3.57664e-19
2551	3.57664e-19
2552	3.57664e-19
2553	3.57664e-19
2554	3.57664e-19
2555	3.57664e-19
2556	3.57664e-19
2557	3.57664e-19
2558	3.57664e-19
2559	3.57664e-19
2560	3.57664e-19
2561	3.57664e-19
2562	3.57664e-19
2563	3.57664e-19
2564	3.57664e-19
2565	3.57664e-19
2566	3.57664e-19
2567	3.57664e-19
2568	3.57664e-19
2569	3.57664e-19
2570	3.57664e-19
2571	3.57664e-19
2572	3.57664e-19
2573	3.57664e-19
2574	3.57664e-19
2575	3.57664e-19
2576	3.57664e-19
2577	3.57664e-19
2578	3.57664e-19
2579	3.57664e-19
2580	3.57664e-19
2581	3.57664e-19
2582	3.57664e-19
2583	3.57664e-19
2584	3.57664e-19
2585	3.57664e-19
2586	3.57664e-19
2587	3.57664e-19
2588	3.57664e-19
2589	3.57664e-19
2590	3.57664e-19
2591	3.57664e-19
2592	3.57664e-19
2593	3.57664e-19
2594	3.57664e-19
2595	3.57664e-19
2596	3.57664e-19
2597	3.57664e-19
2598	3.57664e-19
2599	3.57664e-19
2600	3.57664e-19
2601	3.57664e-19
2602	3.57664e-19
2603	3.57664e-19
2604	3.57664e-19
2605	3.57664e-19
2606	3.57664e-19
2607	3.57664e-19
2608	3.57664e-19
2609	3.57664e-19
2610	3.57664e-19
2611	3.57664e-19
2612	3.57664e-19
2613	3.57664e-19
2614	3.57664e-19
2615	3.57664e-19
2616	3.57664e-19
2617	3.57664e-19
2618	3.57664e-19
2619	3.57664e-19
2620	3.57664e-19
2621	3.57664e-19
2622	3.57664e-19
2623	3.57664e-19
2624	3.57664e-19
2625	3.57664e-19
2626	3.57664e-19
2627	3.57664e-19
2628	3.57664e-19
2629	3.57664e-19
2630	3.57664e-19
2631	3.57664e-19
2632	3.57664e-19
2633	3.57664e-19
2634	3.57664e-19
2635	3.57664e-19
2636	3.57664e-19
2637	3.57664e-19
2638	3.57664e-19
2639	3.57664e-19
2640	3.57664e-19
2641	3.57664e-19
2642	3.57664e-19
2643	3.57664e-19
2644	3.57664e-19
2645	3.57664e-19
2646	3.57664e-19
2647	3.57664e-19
2648	3.57664e-19
2649	3.57664e-19
2650	3.57664e-19
2651	3.57664e-19
2652	3.57664e-19
2653	3.57664e-19
2654	3.57664e-19
2655	3.57664e-19
2656	3.57664e-19
2657	3.57664e-19
2658	3.57664e-19
2659	3.57664e-19
2660	3.57664e-19
2661	3.57664e-19
2662	3.57664e-19
2663	3.57664e-19
2664	3.57664e-19
2665	3.57664e-19
2666	3.57664e-19
2667	3.57664e-19
2668	3.57664e-19
2669	3.57664e-19
2670	3.57664e-19
2671	3.57664e-19
2672	3.57664e-19
2673	3.57664e-19
2674	3.57664e-19
2675	3.57664e-19
2676	3.57664e-19
2677	3.57664e-19
2678	3.57664e-19
2679	3.57664e-19
2680	3.57664e-19
2681	3.57664e-19
2682	3.57664e-19
2683	3.57664e-19
2684	3.57664e-19
2685	3.57664e-19
2686	3.57664e-19
2687	3.57664e-19
2688	3.57664e-19
2689	3.57664e-19
2690	3.57664e-19
2691	3.57664e-19
2692	3.57664e-19
2693	3.57664e-19
2694	3.57664e-19
2695	3.57664e-19
2696	3.57664e-19
2697	3.57664e-19
2698	3.57664e-19
2699	3.57664e-19
2700	3.57664e-19
2701	3.57664e-19
2702	3.57664e-19
2703	3.57664e-19
2704	3.57664e-19
2705	3.57664e-19
2706	3.57664e-19
2707	3.57664e-19
2708	3.57664e-19
2709	3.57664e-19
2710	3.57664e-19
2711	3.57664e-19
2712	3.57664e-19
2713	3.57664e-19
2714	3.57664e-19
2715	3.57664e-19
2716	3.57664e-19
2717	3.57664e-19
2718	3.57664e-19
2719	3.57664e-19
2720	3.57664e-19
2721	3.57664e-19
2722	3.57664e-19
2723	3.57664e-19
2724	3.57664e-19
2725	3.57664e-19
2726	3.57664e-19
2727	3.57664e-19
2728	3.57664e-19
2729	3.57664e-19
2730	3.57664e-19
2731	3.57664e-19
2732	3.57664e-19
2733	3.57664e-19
2734	3.57664e-19
2735	3.57664e-19
2736	3.57664e-19
2737	3.57664e-19
2738	3.57664e-19
2739	3.57664e-19
2740	3.57664e-19
2741	3.57664e-19
2742	3.57664e-19
2743	3.57664e-19
2744	3.57664e-19
2745	3.57664e-19
2746	3.57664e-19
2747	3.57664e-19
2748	3.57664e-19
2749	3.57664e-19
2750	3.57664e-19
2751	3.57664e-19
2752	3.57664e-19
2753	3.57664e-19
2754	3.57664e-19
2755	3.57664e-19
2756	3.57664e-19
2757	3.57664e-19
2758	3.57664e-19
2759	3.57664e-19
2760	3.57664e-19
2761	3.57664e-19
2762	3.57664e-19
2763	3.57664e-19
2764	3.57664e-19
2765	3.57664e-19
2766	3.57664e-19
2767	3.57664e-19
2768	3.57664e-19
2769	3.57664e-19
2770	3.57664e-19
2771	3.57664e-19
2772	3.57664e-19
2773	3.57664e-19
2774	3.57664e-19
2775	3.57664e-19
2776	3.57664e-19
2777	3.57664e-19
2778	3.57664e-19
2779	3.57664e-19
2780	3.57664e-19
2781	3.57664e-19
2782	3.57664e-19
2783	3.57664e-19
2784	3.57664e-19
2785	3.57664e-19
2786	3.57664e-19
2787	3.57664e-19
2788	3.57664e-19
2789	3.57664e-19
2790	3.57664e-19
2791	3.57664e-19
2792	3.57664e-19
2793	3.57664e-19
2794	3.57664e-19
2795	3.57664e-19
2796	3.57664e-19
2797	3.57664e-19
2798	3.57664e-19
2799	3.57664e-19
2800	3.57664e-19
2801	3.57664e-19
2802	3.57664e-19
2803	3.57664e-19
2804	3.57664e-19
2805	3.57664e-19
2806	3.57664e-19
2807	3.57664e-19
2808	3.57664e-19
2809	3.57664e-19
2810	3.57664e-19
2811	3.57664e-19
2812	3.57664e-19
2813	3.57664e-19
2814	3.57664e-19
2815	3.57664e-19
2816	3.57664e-19
2817	3.57664e-19
2818	3.57664e-19
2819	3.57664e-19
2820	3.57664e-19
2821	3.57664e-19
2822	3.57664e-19
2823	3.57664e-19
2824	3.57664e-19
2825	3.57664e-19
2826	3.57664e-19
2827	3.57664e-19
2828	3.57664e-19
2829	3.57664e-19
2830	3.57664e-19
2831	3.57664e-19
2832	3.57664e-19
2833	3.57664e-19
2834	3.57664e-19
2835	3.57664e-19
2836	3.57664e-19
2837	3.57664e-19
2838	3.57664e-19
2839	3.57664e-19
2840	3.57664e-19
2841	3.57664e-19
2842	3.57664e-19
2843	3.57664e-19
2844	3.57664e-19
2845	3.57664e-19
2846	3.57664e-19
2847	3.57664e-19
2848	3.57664e-19
2849	3.57664e-19
2850	3.57664e-19
2851	3.57664e-19
2852	3.57664e-19
2853	3.57664e-19
2854	3.57664e-19
2855	3.57664e-19
2856	3.57664e-19
2857	3.57664e-19
2858	3.57664e-19
2859	3.57664e-19
2860	3.57664e-19
2861	3.57664e-19
2862	3.57664e-19
2863	3.57664e-19
2864	3.57664e-19
2865	3.57664e-19
2866	3.57664e-19
2867	3.57664e-19
2868	3.57664e-19
2869	3.57664e-19
2870	3.57664e-19
2871	3.57664e-19
2872	3.57664e-19
2873	3.57664e-19
2874	3.57664e-19
2875	3.57664e-19
2876	3.57664e-19
2877	3.57664e-19
2878	3.57664e-19
2879	3.57664e-19
2880	3.57664e-19
2881	3.57664e-19
2882	3.57664e-19
2883	3.57664e-19
2884	3.57664e-19
2885	3.57664e-19
2886	3.57664e-19
2887	3.57664e-19
2888	3.57664e-19
2889	3.57664e-19
2890	3.57664e-19
2891	3.57664e-19
2892	3.57664e-19
2893	3.57664e-19
2894	3.57664e-19
2895	3.57664e-19
2896	3.57664e-19
2897	3.57664e-19
2898	3.57664e-19
2899	3.57664e-19
2900	3.57664e-19
2901	3.57664e-19
2902	3.57664e-19
2903	3.57664e-19
2904	3.57664e-19
2905	3.57664e-19
2906	3.57664e-19
2907	3.57664e-19
2908	3.57664e-19
2909	3.57664e-19
2910	3.57664e-19
2911	3.57664e-19
2912	3.57664e-19
2913	3.57664e-19
2914	3.57664e-19
2915	3.57664e-19
2916	3.57664e-19
2917	3.57664e-19
2918	3.57664e-19
2919	3.57664e-19
2920	3.57664e-19
2921	3.57664e-19
2922	3.57664e-19
2923	3.57664e-19
2924	3.57664e-19
2925	3.57664e-19
2926	3.57664e-19
2927	3.57664e-19
2928	3.57664e-19
2929	3.57664e-19
2930	3.57664e-19
2931	3.57664e-19
2932	3.57664e-19
2933	3.57664e-19
2934	3.57664e-19
2935	3.57664e-19
2936	3.57664e-19
2937	3.57664e-19
2938	3.57664e-19
2939	3.57664e-19
2940	3.57664e-19
2941	3.57664e-19
2942	3.57664e-19
2943	3.57664e-19
2944	3.57664e-19
2945	3.57664e-19
2946	3.57664e-19
2947	3.57664e-19
2948	3.57664e-19
2949	3.57664e-19
2950	3.57664e-19
2951	3.57664e-19
2952	3.57664e-19
2953	3.57664e-19
2954	3.57664e-19
2955	3.57664e-19
2956	3.57664e-19
2957	3.57664e-19
2958	3.57664e-19
2959	3.57664e-19
2960	3.57664e-19
2961	3.57664e-19
2962	3.57664e-19
2963	3.57664e-19
2964	3.57664e-19
2965	3.57664e-19
2966	3.57664e-19
2967	3.57664e-19
2968	3.57664e-19
2969	3.57664e-19
2970	3.57664e-19
2971	3.57664e-19
2972	3.57664e-19
2973	3.57664e-19
2974	3.57664e-19
2975	3.57664e-19
2976	3.57664e-19
2977	3.57664e-19
2978	3.57664e-19
2979	3.57664e-19
2980	3.57664e-19
2981	3.57664e-19
2982	3.57664e-19
2983	3.57664e-19
2984	3.57664e-19
2985	3.57664e-19
2986	3.57664e-19
2987	3.57664e-19
2988	3.57664e-19
2989	3.57664e-19
2990	3.57664e-19
2991	3.57664e-19
2992	3.57664e-19
2993	3.57664e-19
2994	3.57664e-19
2995	3.57664e-19
2996	3.57664e-19
2997	3.57664e-19
2998	3.57664e-19
2999	3.57664e-19
3000	3.57664e-19
3001	3.57664e-19
3002	3.57664e-19
3003	3.57664e-19
3004	3.57664e-19
3005	3.57664e-19
3006	3.57664e-19
3007	3.57664e-19
3008	3.57664e-19
3009	3.57664e-19
3010	3.57664e-19
3011	3.57664e-19
3012	3.57664e-19
3013	3.57664e-19
3014	3.57664e-19
3015	3.57664e-19
3016	3.57664e-19
3017	3.57664e-19
3018	3.57664e-19
3019	3.57664e-19
3020	3.57664e-19
3021	3.57664e-19
3022	3.57664e-19
3023	3.57664e-19
3024	3.57664e-19
3025	3.57664e-19
3026	3.57664e-19
3027	3.57664e-19
3028	3.57664e-19
3029	3.57664e-19
3030	3.57664e-19
3031	3.57664e-19
3032	3.57664e-19
3033	3.57664e-19
3034	3.57664e-19
3035	3.57664e-19
3036	3.57664e-19
3037	3.57664e-19
3038	3.57664e-19
3039	3.57664e-19
3040	3.57664e-19
3041	3.57664e-19
3042	3.57664e-19
3043	3.57664e-19
3044	3.57664e-19
3045	3.57664e-19
3046	3.57664e-19
3047	3.57664e-19
3048	3.57664e-19
3049	3.57664e-19
3050	3.57664e-19
3051	3.57664e-19
3052	3.57664e-19
3053	3.57664e-19
3054	3.57664e-19
3055	3.57664e-19
3056	3.57664e-19
3057	3.57664e-19
3058	3.57664e-19
3059	3.57664e-19
3060	3.57664e-19
3061	3.57664e-19
3062	3.57664e-19
3063	3.57664e-19
3064	3.57664e-19
3065	3.57664e-19
3066	3.57664e-19
3067	3.57664e-19
3068	3.57664e-19
3069	3.57664e-19
3070	3.57664e-19
3071	3.57664e-19
3072	3.57664e-19
3073	3.57664e-19
3074	3.57664e-19
3075	3.57664e-19
3076	3.57664e-19
3077	3.57664e-19
3078	3.57664e-19
3079	3.57664e-19
3080	3.57664e-19
3081	3.57664e-19
3082	3.57664e-19
3083	3.57664e-19
3084	3.57664e-19
3085	3.57664e-19
3086	3.57664e-19
3087	3.57664e-19
3088	3.57664e-19
3089	3.57664e-19
3090	3.57664e-19
3091	3.57664e-19
3092	3.57664e-19
3093	3.57664e-19
3094	3.57664e-19
3095	3.57664e-19
3096	3.57664e-19
3097	3.57664e-19
3098	3.57664e-19
3099	3.57664e-19
3100	3.57664e-19
3101	3.57664e-19
3102	3.57664e-19
3103	3.57664e-19
3104	3.57664e-19
3105	3.57664e-19
3106	3.57664e-19
3107	3.57664e-19
3108	3.57664e-19
3109	3.57664e-19
3110	3.57664e-19
3111	3.57664e-19
3112	3.57664e-19
3113	3.57664e-19
3114	3.57664e-19
3115	3.57664e-19
3116	3.57664e-19
3117	3.57664e-19
3118	3.57664e-19
3119	3.57664e-19
3120	3.57664e-19
3121	3.57664e-19
3122	3.57664e-19
3123	3.57664e-19
3124	3.57664e-19
3125	3.57664e-19
3126	3.57664e-19
3127	3.57664e-19
3128	3.57664e-19
3129	3.57664e-19
3130	3.57664e-19
3131	3.57664e-19
3132	3.57664e-19
3133	3.57664e-19
3134	3.57664e-19
3135	3.57664e-19
3136	3.57664e-19
3137	3.57664e-19
3138	3.57664e-19
3139	3.57664e-19
3140	3.57664e-19
3141	3.57664e-19
3142	3.57664e-19
3143	3.57664e-19
3144	3.57664e-19
3145	3.57664e-19
3146	3.57664e-19
3147	3.57664e-19
3148	3.57664e-19
3149	3.57664e-19
3150	3.57664e-19
3151	3.57664e-19
3152	3.57664e-19
3153	3.57664e-19
3154	3.57664e-19
3155	3.57664e-19
3156	3.57664e-19
3157	3.57664e-19
3158	3.57664e-19
3159	3.57664e-19
3160	3.57664e-19
3161	3.57664e-19
3162	3.57664e-19
3163	3.57664e-19
3164	3.57664e-19
3165	3.57664e-19
3166	3.57664e-19
3167	3.57664e-19
3168	3.57664e-19
3169	3.57664e-19
3170	3.57664e-19
3171	3.57664e-19
3172	3.57664e-19
3173	3.57664e-19
3174	3.57664e-19
3175	3.57664e-19
3176	3.57664e-19
3177	3.57664e-19
3178	3.57664e-19
3179	3.57664e-19
3180	3.57664e-19
3181	3.57664e-19
3182	3.57664e-19
3183	3.57664e-19
3184	3.57664e-19
3185	3.57664e-19
3186	3.57664e-19
3187	3.57664e-19
3188	3.57664e-19
3189	3.57664e-19
3190	3.57664e-19
3191	3.57664e-19
3192	3.57664e-19
3193	3.57664e-19
3194	3.57664e-19
3195	3.57664e-19
3196	3.57664e-19
3197	3.57664e-19
3198	3.57664e-19
3199	3.57664e-19
3200	3.57664e-19
3201	3.57664e-19
3202	3.57664e-19
3203	3.57664e-19
3204	3.57664e-19
3205	3.57664e-19
3206	3.57664e-19
3207	3.57664e-19
3208	3.57664e-19
3209	3.57664e-19
3210	3.57664e-19
3211	3.57664e-19
3212	3.57664e-19
3213	3.57664e-19
3214	3.57664e-19
3215	3.57664e-19
3216	3.57664e-19
3217	3.57664e-19
3218	3.57664e-19
3219	3.57664e-19
3220	3.57664e-19
3221	3.57664e-19
3222	3.57664e-19
3223	3.57664e-19
3224	3.57664e-19
3225	3.57664e-19
3226	3.57664e-19
3227	3.57664e-19
3228	3.57664e-19
3229	3.57664e-19
3230	3.57664e-19
3231	3.57664e-19
3232	3.57664e-19
3233	3.57664e-19
3234	3.57664e-19
3235	3.57664e-19
3236	3.57664e-19
3237	3.57664e-19
3238	3.57664e-19
3239	3.57664e-19
3240	3.57664e-19
3241	3.57664e-19
3242	3.57664e-19
3243	3.57664e-19
3244	3.57664e-19
3245	3.57664e-19
3246	3.57664e-19
3247	3.57664e-19
3248	3.57664e-19
3249	3.57664e-19
3250	3.57664e-19
3251	3.57664e-19
3252	3.57664e-19
3253	3.57664e-19
3254	3.57664e-19
3255	3.57664e-19
3256	3.57664e-19
3257	3.57664e-19
3258	3.57664e-19
3259	3.57664e-19
3260	3.57664e-19
3261	3.57664e-19
3262	3.57664e-19
3263	3.57664e-19
3264	3.57664e-19
3265	3.57664e-19
3266	3.57664e-19
3267	3.57664e-19
3268	3.57664e-19
3269	3.57664e-19
3270	3.57664e-19
3271	3.57664e-19
3272	3.57664e-19
3273	3.57664e-19
3274	3.57664e-19
3275	3.57664e-19
3276	3.57664e-19
3277	3.57664e-19
3278	3.57664e-19
3279	3.57664e-19
3280	3.57664e-19
3281	3.57664e-19
3282	3.57664e-19
3283	3.57664e-19
3284	3.57664e-19
3285	3.57664e-19
3286	3.57664e-19
3287	3.57664e-19
3288	3.57664e-19
3289	3.57664e-19
3290	3.57664e-19
3291	3.57664e-19
3292	3.57664e-19
3293	3.57664e-19
3294	3.57664e-19
3295	3.57664e-19
3296	3.57664e-19
3297	3.57664e-19
3298	3.57664e-19
3299	3.57664e-19
3300	3.57664e-19
3301	3.57664e-19
3302	3.57664e-19
3303	3.57664e-19
3304	3.57664e-19
3305	3.57664e-19
3306	3.57664e-19
3307	3.57664e-19
3308	3.57664e-19
3309	3.57664e-19
3310	3.57664e-19
3311	3.57664e-19
3312	3.57664e-19
3313	3.57664e-19
3314	3.57664e-19
3315	3.57664e-19
3316	3.57664e-19
3317	3.57664e-19
3318	3.57664e-19
3319	3.57664e-19
3320	3.57664e-19
3321	3.57664e-19
3322	3.57664e-19
3323	3.57664e-19
3324	3.57664e-19
3325	3.57664e-19
3326	3.57664e-19
3327	3.57664e-19
3328	3.57664e-19
3329	3.57664e-19
3330	3.57664e-19
3331	3.57664e-19
3332	3.57664e-19
3333	3.57664e-19
3334	3.57664e-19
3335	3.57664e-19
3336	3.57664e-19
3337	3.57664e-19
3338	3.57664e-19
3339	3.57664e-19
3340	3.57664e-19
3341	3.57664e-19
3342	3.57664e-19
3343	3.57664e-19
3344	3.57664e-19
3345	3.57664e-19
3346	3.57664e-19
3347	3.57664e-19
3348	3.57664e-19
3349	3.57664e-19
3350	3.57664e-19
3351	3.57664e-19
3352	3.57664e-19
3353	3.57664e-19
3354	3.57664e-19
3355	3.57664e-19
3356	3.57664e-19
3357	3.57664e-19
3358	3.57664e-19
3359	3.57664e-19
3360	3.57664e-19
3361	3.57664e-19
3362	3.57664e-19
3363	3.57664e-19
3364	3.57664e-19
3365	3.57664e-19
3366	3.57664e-19
3367	3.57664e-19
3368	3.57664e-19
3369	3.57664e-19
3370	3.57664e-19
3371	3.57664e-19
3372	3.57664e-19
3373	3.57664e-19
3374	3.57664e-19
3375	3.57664e-19
3376	3.57664e-19
3377	3.57664e-19
3378	3.57664e-19
3379	3.57664e-19
3380	3.57664e-19
3381	3.57664e-19
3382	3.57664e-19
3383	3.57664e-19
3384	3.57664e-19
3385	3.57664e-19
3386	3.57664e-19
3387	3.57664e-19
3388	3.57664e-19
3389	3.57664e-19
3390	3.57664e-19
3391	3.57664e-19
3392	3.57664e-19
3393	3.57664e-19
3394	3.57664e-19
3395	3.57664e-19
3396	3.57664e-19
3397	3.57664e-19
3398	3.57664e-19
3399	3.57664e-19
3400	3.57664e-19
3401	3.57664e-19
3402	3.57664e-19
3403	3.57664e-19
3404	3.57664e-19
3405	3.57664e-19
3406	3.57664e-19
3407	3.57664e-19
3408	3.57664e-19
3409	3.57664e-19
3410	3.57664e-19
3411	3.57664e-19
3412	3.57664e-19
3413	3.57664e-19
3414	3.57664e-19
3415	3.57664e-19
3416	3.57664e-19
3417	3.57664e-19
3418	3.57664e-19
3419	3.57664e-19
3420	3.57664e-19
3421	3.57664e-19
3422	3.57664e-19
3423	3.57664e-19
3424	3.57664e-19
3425	3.57664e-19
3426	3.57664e-19
3427	3.57664e-19
3428	3.57664e-19
3429	3.57664e-19
3430	3.57664e-19
3431	3.57664e-19
3432	3.57664e-19
3433	3.57664e-19
3434	3.57664e-19
3435	3.57664e-19
3436	3.57664e-19
3437	3.57664e-19
3438	3.57664e-19
3439	3.57664e-19
3440	3.57664e-19
3441	3.57664e-19
3442	3.57664e-19
3443	3.57664e-19
3444	3.57664e-19
3445	3.57664e-19
3446	3.57664e-19
3447	3.57664e-19
3448	3.57664e-19
3449	3.57664e-19
3450	3.57664e-19
3451	3.57664e-19
3452	3.57664e-19
3453	3.57664e-19
3454	3.57664e-19
3455	3.57664e-19
3456	3.57664e-19
3457	3.57664e-19
3458	3.57664e-19
3459	3.57664e-19
3460	3.57664e-19
3461	3.57664e-19
3462	3.57664e-19
3463	3.57664e-19
3464	3.57664e-19
3465	3.57664e-19
3466	3.57664e-19
3467	3.57664e-19
3468	3.57664e-19
3469	3.57664e-19
3470	3.57664e-19
3471	3.57664e-19
3472	3.57664e-19
3473	3.57664e-19
3474	3.57664e-19
3475	3.57664e-19
3476	3.57664e-19
3477	3.57664e-19
3478	3.57664e-19
3479	3.57664e-19
3480	3.57664e-19
3481	3.57664e-19
3482	3.57664e-19
3483	3.57664e-19
3484	3.57664e-19
3485	3.57664e-19
3486	3.57664e-19
3487	3.57664e-19
3488	3.57664e-19
3489	3.57664e-19
3490	3.57664e-19
3491	3.57664e-19
3492	3.57664e-19
3493	3.57664e-19
3494	3.57664e-19
3495	3.57664e-19
3496	3.57664e-19
3497	3.57664e-19
3498	3.57664e-19
3499	3.57664e-19
3500	3.57664e-19
3501	3.57664e-19
3502	3.57664e-19
3503	3.57664e-19
3504	3.57664e-19
3505	3.57664e-19
3506	3.57664e-19
3507	3.57664e-19
3508	3.57664e-19
3509	3.57664e-19
3510	3.57664e-19
3511	3.57664e-19
3512	3.57664e-19
3513	3.57664e-19
3514	3.57664e-19
3515	3.57664e-19
3516	3.57664e-19
3517	3.57664e-19
3518	3.57664e-19
3519	3.57664e-19
3520	3.57664e-19
3521	3.57664e-19
3522	3.57664e-19
3523	3.57664e-19
3524	3.57664e-19
3525	3.57664e-19
3526	3.57664e-19
3527	3.57664e-19
3528	3.57664e-19
3529	3.57664e-19
3530	3.57664e-19
3531	3.57664e-19
3532	3.57664e-19
3533	5.6208e-20
3534	5.6208e-20
3535	5.6208e-20
3536	5.6208e-20
3537	5.6208e-20
3538	5.6208e-20
3539	5.6208e-20
3540	5.6208e-20
3541	5.6208e-20
3542	5.6208e-20
3543	5.6208e-20
3544	5.6208e-20
3545	5.6208e-20
3546	5.6208e-20
3547	5.6208e-20
3548	5.6208e-20
3549	5.6208e-20
3550	5.6208e-20
3551	5.6208e-20
3552	5.6208e-20
3553	5.6208e-20
3554	5.6208e-20
3555	5.6208e-20
3556	5.6208e-20
3557	5.6208e-20
3558	5.6208e-20
3559	5.6208e-20
3560	5.6208e-20
3561	5.6208e-20
3562	4.88319e-20
3563	4.88319e-20
3564	4.88319e-20
3565	4.88319e-20
3566	4.88319e-20
3567	4.88319e-20
3568	4.88319e-20
3569	4.88319e-20
3570	4.88319e-20
3571	4.88319e-20
3572	4.88319e-20
3573	4.88319e-20
3574	4.88319e-20
3575	4.88319e-20
3576	4.88319e-20
3577	4.88319e-20
3578	4.88319e-20
3579	4.88319e-20
3580	4.88319e-20
3581	4.88319e-20
3582	4.88319e-20
3583	4.88319e-20
3584	4.88319e-20
3585	4.88319e-20
3586	4.88319e-20
3587	4.88319e-20
3588	4.88319e-20
3589	4.88319e-20
3590	4.88319e-20
3591	4.88319e-20
3592	4.88319e-20
3593	4.88319e-20
3594	4.88319e-20
3595	4.88319e-20
3596	4.88319e-20
3597	4.88319e-20
3598	4.88319e-20
3599	4.88319e-20
3600	4.88319e-20
3601	4.88319e-20
3602	4.88319e-20
3603	4.88319e-20
3604	4.88319e-20
3605	4.88319e-20
3606	4.88319e-20
3607	4.88319e-20
3608	4.88319e-20
3609	4.88319e-20
3610	4.88319e-20
3611	4.88319e-20
3612	4.88319e-20
3613	4.88319e-20
3614	4.88319e-20
3615	4.88319e-20
3616	4.88319e-20
3617	4.88319e-20
3618	4.88319e-20
3619	4.88319e-20
3620	4.88319e-20
3621	4.88319e-20
3622	4.88319e-20
3623	4.88319e-20
3624	4.88319e-20
3625	4.88319e-20
3626	4.88319e-20
3627	4.88319e-20
3628	4.88319e-20
3629	4.88319e-20
3630	4.88319e-20
3631	4.88319e-20
3632	4.88319e-20
3633	4.88319e-20
3634	4.88319e-20
3635	4.88319e-20
3636	4.88319e-20
3637	4.88319e-20
3638	4.88319e-20
3639	4.88319e-20
3640	4.88319e-20
3641	4.88319e-20
3642	4.88319e-20
3643	4.88319e-20
3644	4.88319e-20
3645	4.88319e-20
3646	4.88319e-20
3647	4.88319e-20
3648	4.88319e-20
3649	4.88319e-20
3650	4.88319e-20
3651	4.88319e-20
3652	4.88319e-20
3653	4.88319e-20
3654	4.88319e-20
3655	4.88319e-20
3656	4.88319e-20
3657	4.88319e-20
3658	4.88319e-20
3659	4.88319e-20
3660	4.88319e-20
3661	4.88319e-20
3662	4.88319e-20
3663	4.88319e-20
3664	4.88319e-20
3665	4.88319e-20
3666	4.88319e-20
3667	4.88319e-20
3668	4.88319e-20
3669	4.88319e-20
3670	4.88319e-20
3671	4.88319e-20
3672	4.88319e-20
3673	4.88319e-20
3674	4.88319e-20
3675	4.88319e-20
3676	4.88319e-20
3677	4.88319e-20
3678	4.88319e-20
3679	4.88319e-20
3680	4.88319e-20
3681	4.88319e-20
3682	4.88319e-20
3683	4.88319e-20
3684	4.88319e-20
3685	4.88319e-20
3686	4.88319e-20
3687	4.88319e-20
3688	4.88319e-20
3689	4.88319e-20
3690	4.88319e-20
3691	4.88319e-20
3692	4.88319e-20
3693	4.88319e-20
3694	4.88319e-20
3695	4.88319e-20
3696	4.88319e-20
3697	4.88319e-20
3698	4.88319e-20
3699	4.88319e-20
